Boy-10 78 2 201.7 80 1
Boy-11 79 3 216.1 94 2
Boy-12 78 4 228.3 93 2
Boy-13 79 11 204.7 76 2
Boy-14 82 6 214.7 82 0
Boy-15 78 7 229.3 87 1
Boy-16 89 15 234.9 89 1
Boy-17 88 2 226.7 76 1
Boy-18 88 4 207.6 88 0
Boy-19 91 14 211.9 94 2
Boy-20 84 9 222.7 93 2
Boy-21 83 7 211.0 91 1
Boy-22 89 9 205.6 85 2
Boy-23 89 1 229.4 80 1
Boy-24 76 1 205.5 87 1
Boy-25 83 8 219.3 87 0
Boy-26 80 3 219.8 86 1
Boy-27 88 9 237.5 92 1
Boy-28 89 1 227.1 81 2
Boy-29 79 8 215.9 88 0
Boy-30 87 11 235.3 91 0
Boy-31 94 7 216.5 93 2
Boy-32 83 9 206.7 94 1
Boy-33 75 10 226.9 83 0
Boy-34 94 10 201.4 86 1
Boy-35 86 9 205.4 75 0
Boy-36 84 7 236.0 91 0
Boy-37 93 14 239.4 80 0
Boy-38 79 3 206.7 94 2
Boy-39 75 14 210.4 91 2
Boy-40 79 15 218.3 75 0
Boy-41 75 12 211.4 92 0
Boy-42 91 2 211.1 76 2
Boy-43 82 5 233.0 84 0
Boy-44 88 4 220.7 78 1
Boy-45 78 15 202.8 80 0
Boy-46 84 2 215.6 77 2
Boy-47 89 5 221.3 77 0
Boy-48 92 7 227.6 81 2
Boy-49 84 7 234.0 83 0
Boy-50 93 2 206.1 87 1
Boy-51 83 6 204.2 85 1
Boy-52 92 2 225.8 79 0
Boy-53 90 2 227.6 88 0
Boy-54 87 14 210.1 91 1
Boy-55 80 5 227.7 78 1
Boy-56 81 12 211.3 83 1
Boy-57 80 15 201.2 76 2
Boy-58 81 11 239.0 89 0
Boy-59 90 6 231.9 77 2
Boy-60 83 8 216.6 81 2
Boy-61 90 3 237.0 90 2
Boy-62 75 6 235.4 83 0
Boy-63 75 11 216.3 94 2
Boy-64 84 10 232.4 77 1
Boy-65 88 11 230.7 90 1
Boy-66 76 4 203.3 87 1
Boy-67 84 3 205.5 77 0
Boy-68 84 14 230.1 75 2
Boy-69 80 7 207.1 76 0
Boy-70 78 15 227.2 94 0
Boy-71 75 9 233.1 85 1
Boy-72 84 12 212.1 93 0
Boy-73 91 2 230.8 83 1
Boy-74 79 10 214.6 83 0
Boy-75 76 12 231.9 94 1
Boy-76 75 2 213.0 86 1
Boy-77 86 11 223.4 89 1
Boy-78 94 3 203.8 87 0
Boy-79 89 10 217.3 90 2
Boy-80 81 6 218.4 79 2
Boy-81 83 5 215.6 89 0
Boy-82 88 8 226.0 75 0
Boy-83 75 3 229.3 79 2
Boy-84 94 4 211.9 81 2
