5
1 37 15 11 4
2 31 29 24 8
0 53 18
2 64 20 37 6
2 27 15 17 7
5
0 26 23
1 61 14 24 4
1 29 33 11 8
1 30 23 28 5
2 68 16 38 9
6
2 29 18 17 8
2 28 16 20 6
1 54 18 36 6
2 54 25 14 5
1 51 25 15 7
1 38 17 13 9
4
0 42 28
2 69 13 33 5
1 34 24 25 3
2 37 34 32 9
5
0 62 35
2 56 16 29 6
1 58 39 38 9
2 49 29 30 9
1 68 34 19 3
6
1 23 21 18 6
2 67 19 16 5
2 66 28 23 9
2 67 24 27 7
0 26 10
1 24 16 39 7
6
0 50 34
1 21 14 37 4
0 21 21
2 23 27 29 5
0 57 23
0 27 23
2
0 59 18
1 35 19 26 10
4
2 34 29 13 7
0 57 16
0 46 18
2 61 10 38 6
5
1 31 22 23 7
2 62 20 38 7
1 28 24 19 7
1 46 33 34 6
1 21 26 38 8
6
1 63 35 36 7
2 38 23 35 9
0 31 21
0 35 20
0 37 15
2 39 32 15 8
4
1 66 18 25 10
1 45 15 10 3
1 48 31 30 8
0 69 24
6
0 44 12
1 63 20 17 4
1 51 28 23 10
1 49 27 35 5
0 49 23
2 40 15 15 6
3
2 39 33 24 7
2 32 10 33 6
2 63 19 36 6
5
0 26 26
1 58 17 24 4
1 28 10 11 6
2 29 23 20 6
1 61 23 31 8
6
1 48 19 27 8
0 51 34
0 43 25
2 26 30 14 9
2 48 29 36 9
0 43 17
2
0 24 30
2 63 14 21 9
5
0 66 30
0 53 21
1 25 20 26 9
0 62 13
2 66 22 36 7
5
0 47 37
0 49 21
0 56 33
1 65 10 23 8
0 64 10
2
1 66 19 14 4
1 54 29 12 7
5
1 48 18 13 9
1 67 24 22 6
0 67 30
0 35 27
0 60 19
5
0 45 24
1 54 34 19 6
1 56 30 28 9
0 61 32
1 42 16 11 5
3
0 27 28
0 23 25
0 57 31
5
0 59 27
1 42 27 22 7
0 28 33
1 44 24 17 3
0 57 35
4
2 32 39 23 7
1 48 26 18 9
1 33 21 14 7
0 60 31
5
0 46 22
0 55 39
0 63 16
2 42 37 23 6
1 58 14 28 4
5
0 50 30
2 21 33 27 5
0 38 37
0 38 13
0 41 32
4
0 22 27
1 55 15 21 6
2 34 13 37 7
1 49 30 24 8
5
1 25 20 12 7
2 31 37 24 9
2 44 22 15 5
1 38 16 31 4
1 54 38 17 9
3
2 61 12 37 5
0 47 39
1 20 13 11 5
2
0 50 18
1 52 31 13 9
2
1 49 12 38 7
0 32 23
4
2 23 20 24 8
0 20 10
2 49 22 12 5
1 42 34 21 6
6
0 68 32
1 26 35 28 6
2 65 11 32 9
2 65 18 37 7
2 20 32 29 9
1 52 18 35 9
3
1 67 29 37 4
0 59 30
2 32 39 34 5
4
0 22 25
2 22 27 34 8
0 32 36
0 33 18
2
0 37 21
1 38 14 31 7
2
0 33 35
1 58 14 35 7
4
1 68 16 24 4
0 58 25
2 36 15 14 7
0 69 20
3
0 30 24
0 53 12
0 23 20
6
2 46 35 13 9
2 41 36 24 9
2 29 34 36 5
0 33 30
1 38 39 31 4
1 22 34 13 3
3
1 29 23 13 6
1 41 27 14 3
2 25 30 12 6
5
2 67 39 28 5
0 62 22
1 69 10 33 4
1 53 11 12 9
0 44 36
5
0 42 20
0 30 29
0 60 12
2 31 11 34 7
1 20 39 36 3
6
0 31 27
1 26 32 20 10
1 38 17 11 8
2 62 20 35 8
0 50 34
2 33 36 32 7
5
1 28 13 21 5
0 35 31
1 61 34 24 5
2 23 23 35 5
2 43 33 24 7
4
0 48 34
0 27 37
2 30 35 10 9
0 51 20
3
0 37 20
1 58 12 35 10
2 56 34 18 8
2
2 46 30 39 9
0 46 11
3
1 45 24 34 9
2 45 21 33 6
2 48 19 32 8
