Girl-10 78 2 201.7 2
Girl-11 86 15 226.7 2
Girl-12 94 15 210.3 0
Girl-13 78 9 226.3 1
Girl-14 85 13 234.1 2
Girl-15 82 6 214.7 1
Girl-16 88 4 215.6 1
Girl-17 87 2 205.4 2
Girl-18 84 5 235.9 2
Girl-19 86 8 208.1 1
Girl-20 88 4 207.6 2
Girl-21 93 7 207.8 1
Girl-22 94 6 200.9 2
Girl-23 82 4 209.7 1
Girl-24 91 11 213.6 1
Girl-25 89 9 205.6 1
Girl-26 93 15 212.5 1
Girl-27 80 8 238.1 0
Girl-28 90 3 230.8 2
Girl-29 82 4 211.2 0
Girl-30 80 3 219.8 2
Girl-31 94 4 238.3 2
Girl-32 92 5 211.4 0
Girl-33 86 12 236.7 0
Girl-34 77 10 205.3 0
Girl-35 87 11 235.3 0
Girl-36 91 5 210.1 1
Girl-37 93 15 220.8 2
Girl-38 82 10 239.9 2
Girl-39 89 5 204.8 0
Girl-40 94 10 201.4 1
Girl-41 88 12 215.8 0
Girl-42 75 13 214.9 0
Girl-43 75 12 219.6 0
Girl-44 88 15 206.5 0
Girl-45 79 3 206.7 0
Girl-46 81 1 207.3 0
Girl-47 91 15 234.4 2
Girl-48 78 1 238.4 1
Girl-49 86 5 237.7 0
Girl-50 91 2 211.1 2
Girl-51 88 3 211.9 1
Girl-52 84 13 217.3 0
Girl-53 82 14 222.0 0
Girl-54 84 9 226.5 0
Girl-55 84 2 215.6 1
Girl-56 84 10 205.9 0
Girl-57 77 10 203.7 0
Girl-58 91 12 216.8 2
Girl-59 86 1 228.8 0
Girl-60 93 2 206.1 0
Girl-61 88 9 225.5 0
Girl-62 85 14 217.7 1
Girl-63 93 15 231.9 1
Girl-64 76 2 237.3 0
Girl-65 87 14 210.1 1
Girl-66 93 1 232.4 1
Girl-67 78 11 238.6 2
Girl-68 88 9 221.3 1
Girl-69 84 13 216.1 2
