2
1 37 15 11 4
2 31 29 24 8
7
1 58 33 14 6
0 61 24
1 55 17 17 3
0 26 23
1 61 14 24 4
1 29 33 11 8
1 30 23 28 5
2
0 46 38
1 59 15 29 9
11
0 67 38
0 30 36
1 54 18 36 6
2 54 25 14 5
1 51 25 15 7
1 38 17 13 9
0 65 12
0 61 29
0 53 15
1 34 24 25 3
2 37 34 32 9
7
0 62 35
2 56 16 29 6
1 58 39 38 9
2 49 29 30 9
1 68 34 19 3
0 41 23
2 28 34 30 7
3
0 30 36
0 38 23
2 35 37 24 7
6
0 26 10
1 24 16 39 7
2 53 10 34 5
2 34 37 13 6
1 31 21 33 7
1 50 19 37 7
12
1 53 20 13 7
2 35 25 19 6
1 22 39 34 9
0 22 19
1 36 16 36 3
2 61 10 38 6
0 36 31
0 23 18
2 62 20 38 7
1 28 24 19 7
1 46 33 34 6
1 21 26 38 8
8
1 63 35 36 7
2 38 23 35 9
0 31 21
0 35 20
0 37 15
2 39 32 15 8
1 36 26 18 5
2 40 35 15 5
4
1 48 31 30 8
0 69 24
0 44 24
2 58 13 20 7
14
1 51 28 23 10
1 49 27 35 5
0 49 23
2 40 15 15 6
1 41 19 33 5
0 49 22
0 43 31
2 63 19 36 6
0 51 16
1 28 18 17 8
0 66 28
0 61 36
2 29 23 20 6
1 61 23 31 8
3
1 48 19 27 8
0 51 34
0 43 25
10
0 60 14
0 66 38
1 26 14 10 3
1 30 10 34 5
2 63 14 21 9
0 39 26
2 47 33 21 8
0 30 26
2 53 32 13 6
1 42 36 37 3
10
0 27 28
2 21 34 26 8
1 65 10 23 8
0 64 10
1 54 36 19 7
1 22 34 29 6
1 48 17 18 3
0 67 23
0 34 22
1 62 17 30 10
14
2 40 10 19 8
0 45 24
1 54 34 19 6
1 56 30 28 9
0 61 32
1 42 16 11 5
1 47 17 28 4
2 55 22 27 6
2 54 29 27 6
1 37 22 25 6
1 53 11 24 6
1 29 22 17 7
2 50 32 39 8
0 39 18
10
2 23 35 33 6
1 46 28 20 7
1 27 26 22 6
1 59 19 33 6
2 42 37 23 6
1 58 14 28 4
1 46 20 30 8
2 33 27 15 9
1 47 10 28 7
0 41 32
6
0 22 27
1 55 15 21 6
2 34 13 37 7
1 49 30 24 8
2 45 25 20 7
2 38 31 37 9
13
2 44 22 15 5
1 38 16 31 4
1 54 38 17 9
2 55 31 12 7
1 42 27 39 4
0 23 11
2 25 16 10 8
1 52 31 13 9
1 69 19 12 7
1 50 22 23 9
2 23 20 24 8
0 20 10
2 49 22 12 5
12
1 44 21 12 7
0 68 32
1 26 35 28 6
2 65 11 32 9
2 65 18 37 7
2 20 32 29 9
1 52 18 35 9
0 58 17
1 27 12 37 5
2 44 32 39 9
2 47 16 12 5
2 22 27 34 8
6
1 66 16 13 5
1 61 17 21 7
2 24 31 15 5
0 33 35
1 58 14 35 7
1 66 28 16 10
7
0 58 25
2 36 15 14 7
0 69 20
0 58 30
2 24 13 12 9
2 20 39 33 6
1 63 24 12 3
0
3
2 60 39 34 6
2 68 13 30 7
2 69 31 38 6
6
0 53 35
2 42 29 23 8
2 38 31 27 9
1 35 35 30 10
0 58 12
0 49 28
4
0 62 22
1 69 10 33 4
1 53 11 12 9
0 44 36
7
0 42 20
0 30 29
0 60 12
2 31 11 34 7
1 20 39 36 3
1 53 11 27 8
2 62 20 36 6
2
1 31 31 30 3
1 65 23 25 3
8
2 33 36 32 7
0 41 28
0 41 36
0 35 31
1 61 34 24 5
2 23 23 35 5
2 43 33 24 7
0 42 38
8
0 27 37
2 30 35 10 9
0 51 20
1 43 27 20 5
0 52 35
0 58 26
0 28 13
2 24 36 30 9
8
0 46 11
1 20 15 24 3
2 24 15 21 8
0 44 18
0 42 18
0 47 20
2 45 32 28 9
0 40 26
5
0 68 27
0 25 22
1 54 15 29 3
1 41 16 37 4
1 51 20 25 10
4
1 69 37 25 10
1 31 20 15 9
2 67 17 25 8
1 68 24 37 5
1
2 34 24 23 7
10
0 20 34
2 24 37 28 7
0 63 27
2 61 27 28 8
1 54 12 37 4
2 32 31 32 5
0 42 36
1 54 13 11 10
1 28 26 19 6
2 56 23 11 5
3
0 62 21
2 43 18 30 6
1 35 27 35 4
6
2 66 30 21 7
1 35 10 10 10
0 25 21
2 53 10 20 8
0 62 35
2 66 29 22 5
4
2 66 27 12 7
2 66 22 10 5
0 24 27
2 68 32 27 5
10
1 48 11 20 9
2 23 12 13 9
1 67 28 35 8
0 55 37
1 50 24 26 3
2 44 13 12 9
1 50 33 22 10
0 47 17
0 36 22
0 59 39
9
2 44 27 12 9
0 34 38
1 35 39 22 8
2 33 23 21 7
2 64 11 28 9
1 37 22 24 4
2 36 31 33 8
1 29 31 17 4
1 36 10 21 9
7
0 22 27
1 40 11 31 4
2 47 21 39 8
0 26 30
1 63 17 34 6
2 61 36 23 9
1 59 36 39 4
10
2 67 33 18 6
1 20 14 25 8
2 46 25 25 9
2 62 35 16 8
0 30 33
1 29 24 27 5
1 39 20 12 10
0 40 27
1 43 16 24 3
1 50 25 19 6
2
1 21 16 29 5
0 62 16
3
0 58 23
1 55 28 37 7
1 61 26 22 10
9
1 21 29 21 10
0 30 13
1 27 34 26 8
1 48 14 34 5
1 35 34 20 9
0 40 26
2 47 15 25 9
0 39 24
2 57 13 19 8
5
0 40 20
1 38 16 34 8
0 26 24
2 30 10 13 7
2 40 14 24 5
5
2 54 16 28 8
1 63 33 11 7
0 63 38
2 30 28 25 7
1 41 12 22 9
3
2 24 21 25 5
0 60 36
1 54 29 12 3
11
1 57 14 17 5
2 21 36 23 6
0 22 19
0 48 13
2 24 14 19 9
0 29 19
0 32 30
0 61 17
0 56 29
2 21 15 31 9
1 20 29 35 6
14
2 33 39 34 7
2 32 12 33 6
1 56 37 34 5
1 68 37 11 10
1 36 36 39 5
0 43 14
1 37 30 24 5
1 27 23 38 6
1 26 27 14 7
0 28 28
1 40 14 29 9
2 22 31 13 9
1 42 20 24 7
0 35 32
4
0 20 35
0 63 35
1 65 22 19 8
2 46 15 10 8
7
0 35 12
2 66 31 13 9
0 55 32
2 20 23 27 9
2 69 25 34 9
0 59 19
0 38 14
8
1 45 11 32 3
2 69 10 11 7
0 64 21
1 58 17 37 3
0 49 33
1 62 20 22 7
0 39 35
1 59 21 35 3
4
0 30 34
1 36 10 17 9
2 22 20 36 5
2 50 27 35 8
6
0 46 30
2 50 28 14 7
2 47 18 27 8
2 41 20 16 5
2 24 25 28 6
0 47 22
9
1 37 28 28 3
1 44 21 15 4
2 47 10 23 7
2 42 16 29 9
2 33 14 24 6
0 44 27
0 25 37
2 24 17 36 8
1 21 22 39 6
14
0 35 24
1 39 10 35 8
0 61 35
2 63 21 21 8
2 68 22 24 8
2 31 19 38 9
0 50 10
2 60 27 35 9
2 30 26 22 8
1 37 29 12 10
1 44 36 10 7
0 57 33
0 45 38
2 29 18 13 6
10
2 30 37 21 9
0 42 13
0 30 14
0 52 27
2 28 29 11 5
1 51 14 39 4
0 50 31
2 56 25 17 8
2 42 21 18 7
1 20 31 33 10
9
2 39 16 12 5
2 27 38 20 9
1 45 10 27 5
0 63 32
1 44 27 26 5
1 35 35 18 6
1 53 23 27 3
2 33 15 38 6
2 33 12 25 8
6
1 69 14 35 10
1 29 36 15 3
1 38 19 32 7
0 36 31
1 64 18 23 7
2 51 16 21 5
3
0 29 12
1 44 23 11 4
1 37 16 37 3
5
2 60 25 34 6
1 56 20 33 10
0 51 25
0 36 11
2 46 17 33 5
0
5
0 21 29
2 64 12 33 6
1 58 18 12 10
2 36 32 27 7
0 35 13
0
1
1 21 26 11 8
3
0 26 19
2 33 26 37 8
1 27 31 30 7
6
2 50 13 24 9
2 35 18 39 9
0 32 30
2 66 30 36 8
2 28 17 12 5
1 61 22 19 5
3
2 53 28 37 5
0 39 25
1 47 21 25 5
8
1 48 25 33 10
0 23 13
2 64 19 20 7
0 29 14
2 51 38 30 5
1 20 18 27 3
0 28 34
0 53 11
0
11
1 30 21 13 9
0 46 38
1 55 32 37 5
0 57 33
1 51 38 14 10
2 58 14 39 7
2 35 13 23 5
2 46 36 13 8
1 41 24 39 8
2 68 37 12 7
2 64 20 24 9
10
2 28 35 31 8
2 30 20 22 8
2 66 37 17 9
2 37 37 15 9
0 46 22
0 61 14
0 61 12
0 24 33
0 40 10
0 43 35
12
1 67 22 28 6
2 58 22 28 6
2 31 16 11 8
2 36 10 19 7
2 33 22 10 7
1 63 39 16 6
0 48 33
2 60 10 19 9
1 50 10 21 10
0 34 17
1 38 37 11 3
0 59 22
9
0 42 10
1 46 38 13 10
0 52 19
1 32 32 37 5
0 49 21
2 60 21 30 6
2 45 32 12 5
1 62 23 32 6
1 20 20 17 10
11
0 43 36
1 47 36 31 4
0 36 30
2 68 23 39 7
0 37 32
0 23 36
2 65 28 31 5
0 51 16
1 61 39 29 7
1 48 24 29 4
1 21 34 24 4
13
0 47 18
0 44 15
2 61 23 24 8
1 61 23 15 4
1 61 25 13 4
2 50 37 18 6
0 65 38
1 45 29 35 7
0 31 36
1 44 14 25 4
1 27 23 16 3
2 22 12 22 5
0 39 16
2
1 27 18 20 5
2 25 32 16 9
12
2 43 39 31 9
2 53 12 27 5
0 35 19
0 57 35
0 20 39
1 57 13 19 3
0 68 24
0 27 35
0 60 18
2 40 15 16 5
1 23 14 12 7
1 49 21 11 10
14
1 37 23 12 10
2 69 29 27 6
1 50 34 30 10
2 23 17 18 9
2 44 29 11 5
2 60 12 26 6
0 45 17
1 42 30 19 7
2 65 17 23 5
0 24 34
1 40 13 20 5
1 27 25 20 10
0 66 14
0 50 31
4
2 43 11 16 7
2 63 31 28 7
1 39 34 38 3
1 33 10 29 8
7
2 63 18 38 8
0 57 34
2 43 18 27 5
1 31 22 17 10
1 36 21 39 7
1 41 30 14 5
1 68 10 25 3
5
2 33 23 10 6
2 24 24 15 8
0 23 18
1 28 33 35 6
0 28 20
1
0 63 28
10
1 48 37 11 5
0 41 17
0 31 15
0 62 11
0 25 17
1 53 21 30 8
0 20 28
2 53 26 19 7
1 32 39 33 10
2 47 16 32 7
10
1 46 19 28 6
2 35 13 34 8
2 66 17 12 7
1 41 21 12 5
1 66 32 33 7
1 56 10 22 3
2 48 28 15 6
2 26 25 20 7
1 60 15 21 9
0 32 33
0
1
2 33 11 26 6
5
1 43 21 22 4
2 31 35 21 5
1 61 31 38 4
2 54 31 15 6
1 62 14 24 4
9
2 44 11 33 7
2 69 11 32 8
2 43 25 24 8
2 26 31 27 6
2 69 37 34 7
2 30 17 15 9
0 21 21
1 54 23 38 6
2 65 28 27 7
14
1 61 15 16 3
1 36 39 24 3
2 57 39 26 6
0 32 33
1 36 22 18 3
0 53 21
2 61 18 18 7
2 50 10 26 6
1 41 10 28 10
2 24 24 29 9
1 39 28 37 6
0 39 20
0 37 13
1 45 39 27 8
1
0 29 24
13
1 25 29 33 8
2 52 11 37 8
1 24 13 30 9
2 67 31 14 9
2 67 24 16 7
0 57 34
2 53 11 23 5
2 65 33 37 5
2 49 20 10 5
0 49 26
1 52 30 11 5
1 35 24 29 3
1 50 38 23 4
1
2 34 13 16 8
0
0
6
1 28 36 10 3
1 63 30 13 5
2 57 14 10 5
0 28 29
0 52 36
0 52 31
5
2 49 10 20 5
0 28 39
1 30 12 18 3
2 21 22 11 8
2 25 26 26 6
11
2 51 34 36 7
0 50 14
0 42 35
2 54 31 15 7
0 44 12
2 64 39 34 5
0 39 34
0 53 21
0 40 29
0 40 11
1 39 16 36 4
2
2 26 12 32 7
2 32 38 36 5
14
0 50 36
0 65 37
2 24 26 39 5
1 49 11 30 6
2 41 20 35 5
1 48 25 38 5
2 58 38 21 7
1 26 24 15 7
1 33 14 21 5
1 41 10 39 3
0 46 33
0 42 17
1 63 19 36 8
2 38 35 14 5
13
2 30 28 29 6
2 66 25 11 6
0 25 14
1 53 25 31 6
1 34 31 19 3
0 45 36
2 59 15 35 7
0 35 24
2 26 17 38 8
1 55 11 19 6
2 40 39 30 8
2 64 30 22 8
0 33 22
3
1 58 34 39 5
2 45 13 37 9
1 38 35 36 7
0
14
2 54 23 17 7
2 36 20 17 8
0 33 22
0 49 14
2 25 21 28 5
0 58 20
0 69 12
0 41 21
1 48 17 32 9
1 41 17 10 5
2 43 12 35 5
1 66 21 31 7
2 35 28 28 7
0 52 20
5
0 29 24
0 25 28
2 41 39 10 5
0 61 25
0 32 30
1
2 30 24 22 7
12
1 25 20 20 9
0 57 11
0 25 21
0 47 25
2 22 33 37 7
1 59 28 18 9
2 58 37 13 9
2 53 32 20 7
0 48 36
2 32 10 31 9
0 35 25
2 55 16 13 6
0
14
1 55 14 20 7
1 40 14 17 4
1 48 22 26 7
2 45 10 15 9
0 38 23
1 54 19 25 9
2 21 16 11 5
2 64 37 26 6
0 52 17
0 35 23
0 67 32
1 51 35 39 7
0 38 13
2 31 26 27 8
8
0 62 30
1 54 18 11 7
1 50 22 22 10
2 61 17 34 7
0 32 15
0 57 21
0 49 20
2 28 26 11 9
11
0 48 20
2 68 26 11 9
1 65 18 14 3
2 20 14 26 5
0 36 32
2 36 36 37 5
2 47 35 31 9
2 39 36 37 8
0 35 21
2 52 23 31 7
1 49 27 16 7
0
8
1 48 14 16 3
1 47 37 15 9
0 33 12
1 27 34 25 3
2 47 13 24 5
2 25 12 33 7
2 50 34 29 8
0 67 12
1
0 41 38
14
0 20 27
1 57 21 34 6
0 31 30
2 29 37 26 9
0 28 18
0 46 30
0 49 33
1 52 22 22 10
1 68 13 26 3
1 20 31 13 4
0 29 35
0 48 23
1 58 21 16 10
0 21 31
8
1 46 35 19 7
1 22 36 25 7
0 30 35
1 30 20 15 5
0 54 37
0 53 11
2 55 39 28 9
0 26 39
1
1 51 26 28 9
8
1 68 21 25 7
2 24 33 23 7
1 44 25 38 6
1 26 36 27 6
2 65 31 30 8
1 58 34 35 6
2 63 15 11 8
2 45 27 18 5
13
2 52 34 30 6
2 64 14 14 9
2 59 37 15 8
0 25 20
2 38 22 20 8
1 34 11 25 4
0 46 34
2 56 30 32 6
0 62 37
1 44 28 28 9
0 68 36
1 67 31 27 3
2 50 39 10 5
4
1 57 19 24 10
2 22 19 36 6
2 24 22 25 9
2 35 19 23 7
10
1 46 37 33 9
2 69 20 27 5
2 44 12 27 8
1 33 38 37 4
1 48 20 29 6
0 42 34
2 43 32 24 7
2 67 20 15 8
0 31 29
2 53 26 34 6
11
1 43 38 30 10
0 23 13
1 49 15 26 4
2 29 20 31 7
2 20 19 10 7
1 56 29 21 7
2 25 33 17 7
1 62 27 13 6
1 30 11 38 5
1 66 14 10 5
2 35 23 18 8
5
0 35 26
0 69 32
0 39 27
0 43 39
1 66 34 14 6
5
0 28 30
0 56 15
0 54 27
0 40 37
2 62 20 37 6
2
2 42 13 38 9
1 26 27 36 9
9
2 44 15 27 8
1 46 18 28 9
0 39 19
1 34 30 16 5
0 32 17
1 65 18 34 10
2 32 32 35 7
2 47 18 13 9
2 46 31 11 6
4
0 48 23
2 33 27 29 5
1 29 34 31 3
2 59 31 18 9
6
1 53 39 22 7
1 64 13 20 6
0 46 22
0 67 30
2 47 37 22 5
2 61 12 32 8
13
0 42 24
0 46 36
2 69 21 14 9
1 48 16 16 6
2 66 29 30 7
0 62 15
0 58 16
0 54 13
1 37 16 28 9
0 30 10
0 28 30
2 53 13 14 9
2 34 35 34 5
10
1 37 16 31 5
0 22 10
2 52 35 26 5
0 27 22
1 45 11 32 3
1 30 25 28 4
0 57 28
2 26 10 12 7
2 64 22 39 8
2 27 14 11 7
0
10
1 48 25 28 6
2 61 33 31 7
2 53 31 16 6
0 35 38
2 66 14 14 8
2 37 15 25 8
2 26 30 14 6
0 55 13
0 52 23
2 45 24 32 7
4
1 20 21 18 10
2 69 35 29 6
1 33 16 19 4
0 41 39
14
2 52 37 16 7
0 50 21
1 40 26 35 9
2 64 30 26 8
0 23 14
0 25 10
0 47 31
1 25 21 38 6
0 57 14
2 29 39 18 6
1 64 24 13 7
2 37 14 25 5
1 28 15 26 7
0 53 34
13
0 69 12
2 49 39 12 7
2 65 31 11 7
1 63 24 14 5
2 40 38 34 9
0 46 10
2 66 10 20 5
2 60 39 18 7
2 50 13 37 6
2 30 25 20 6
0 64 23
0 58 24
1 42 31 25 4
1
2 47 15 39 7
9
0 43 20
2 69 21 39 8
2 21 33 22 9
1 43 35 16 10
0 29 24
0 24 10
0 21 32
2 33 11 36 8
0 27 10
4
0 56 13
1 29 15 34 6
2 42 38 35 8
2 66 35 26 6
3
2 20 37 30 7
0 51 23
1 52 37 16 7
10
1 52 23 16 5
1 41 12 28 4
2 34 16 28 7
1 37 34 36 10
1 59 34 37 3
0 51 36
1 45 36 17 6
0 61 18
1 54 13 30 5
0 54 32
1
2 36 25 15 7
6
1 31 39 21 4
0 58 39
1 49 37 21 8
0 36 27
0 65 32
2 63 24 10 6
5
1 33 33 23 4
1 55 17 27 10
2 61 36 27 8
2 56 14 28 9
0 61 28
9
1 65 21 20 6
2 32 13 27 7
1 69 22 25 9
0 32 23
1 25 17 14 5
2 50 18 27 8
1 57 13 39 3
1 24 15 23 3
1 45 11 27 5
5
2 68 29 16 6
2 47 37 19 7
1 59 25 14 3
1 61 11 15 6
2 37 10 15 8
4
2 36 33 34 7
0 52 15
1 66 34 28 5
1 38 21 14 5
12
2 69 31 14 9
2 60 39 29 5
0 45 12
2 46 12 17 7
1 55 30 27 6
1 23 12 15 4
2 26 12 28 5
0 63 21
0 35 34
1 39 32 16 9
2 56 39 39 8
2 46 22 25 5
11
2 22 32 36 5
2 31 37 33 9
0 29 11
2 62 36 33 6
0 25 24
1 56 31 21 3
0 37 14
1 29 21 21 6
2 40 23 27 5
2 51 23 29 5
2 37 36 29 5
14
1 55 22 21 4
2 43 24 25 6
2 42 32 38 6
2 48 24 10 6
0 59 10
0 52 13
2 55 35 17 5
2 45 11 13 9
0 55 20
1 45 35 24 4
2 69 25 31 6
1 51 36 11 10
2 25 26 27 6
1 36 18 39 4
11
0 63 26
2 68 21 30 5
0 59 29
2 56 10 31 6
1 44 17 37 7
2 31 23 22 8
1 60 38 16 10
1 58 14 35 8
2 25 28 31 5
0 40 32
0 30 26
