Girl-10 78 2 201.7 2 Boy-13 79 11 204.7 76 2
Girl-11 86 15 226.7 2 Boy-17 88 2 226.7 76 1
Girl-12 94 15 210.3 0 Boy-11 79 3 216.1 94 2
Girl-13 78 9 226.3 1 Boy-55 80 5 227.7 78 1
Girl-14 85 13 234.1 2 Boy-37 93 14 239.4 80 0
Girl-15 82 6 214.7 1 Boy-14 82 6 214.7 82 0
Girl-16 88 4 215.6 1 Boy-15 78 7 229.3 87 1
Girl-17 87 2 205.4 2 Boy-22 89 9 205.6 85 2
Girl-19 86 8 208.1 1 Boy-23 89 1 229.4 80 1
Girl-20 88 4 207.6 2 Boy-18 88 4 207.6 88 0
Girl-21 93 7 207.8 1 Boy-12 78 4 228.3 93 2
Girl-22 94 6 200.9 2 Boy-10 78 2 201.7 80 1
Girl-23 82 4 209.7 1 Boy-28 89 1 227.1 81 2
Girl-24 91 11 213.6 1 Boy-16 89 15 234.9 89 1
Girl-25 89 9 205.6 1 Boy-25 83 8 219.3 87 0
Girl-26 93 15 212.5 1 Boy-20 84 9 222.7 93 2
Girl-28 90 3 230.8 2 Boy-43 82 5 233.0 84 0
Girl-29 82 4 211.2 0 Boy-40 79 15 218.3 75 0
Girl-30 80 3 219.8 2 Boy-44 88 4 220.7 78 1
Girl-31 94 4 238.3 2 Boy-58 81 11 239.0 89 0
Girl-32 92 5 211.4 0 Boy-26 80 3 219.8 86 1
Girl-34 77 10 205.3 0 Boy-35 86 9 205.4 75 0
Girl-35 87 11 235.3 0 Boy-62 75 6 235.4 83 0
Girl-36 91 5 210.1 1 Boy-21 83 7 211.0 91 1
Girl-37 93 15 220.8 2 Boy-27 88 9 237.5 92 1
Girl-39 89 5 204.8 0 Boy-24 76 1 205.5 87 1
Girl-40 94 10 201.4 1 Boy-19 91 14 211.9 94 2
Girl-41 88 12 215.8 0 Boy-29 79 8 215.9 88 0
Girl-42 75 13 214.9 0 Boy-68 84 14 230.1 75 2
Girl-43 75 12 219.6 0 Boy-82 88 8 226.0 75 0
Girl-44 88 15 206.5 0 Boy-33 75 10 226.9 83 0
Girl-45 79 3 206.7 0 Boy-42 91 2 211.1 76 2
Girl-46 81 1 207.3 0 Boy-46 84 2 215.6 77 2
Girl-47 91 15 234.4 2 Boy-30 87 11 235.3 91 0
Girl-50 91 2 211.1 2 Boy-36 84 7 236.0 91 0
Girl-51 88 3 211.9 1 Boy-47 89 5 221.3 77 0
Girl-52 84 13 217.3 0 Boy-48 92 7 227.6 81 2
Girl-53 82 14 222.0 0 Boy-52 92 2 225.8 79 0
Girl-54 84 9 226.5 0 Boy-49 84 7 234.0 83 0
Girl-55 84 2 215.6 1 Boy-59 90 6 231.9 77 2
Girl-56 84 10 205.9 0 Boy-56 81 12 211.3 83 1
Girl-57 77 10 203.7 0 Boy-64 84 10 232.4 77 1
Girl-58 91 12 216.8 2 Boy-53 90 2 227.6 88 0
Girl-59 86 1 228.8 0 Boy-71 75 9 233.1 85 1
Girl-60 93 2 206.1 0 Boy-31 94 7 216.5 93 2
Girl-61 88 9 225.5 0 Boy-73 91 2 230.8 83 1
Girl-62 85 14 217.7 1 Boy-80 81 6 218.4 79 2
Girl-63 93 15 231.9 1 Boy-61 90 3 237.0 90 2
Girl-65 87 14 210.1 1 Boy-60 83 8 216.6 81 2
Girl-68 88 9 221.3 1 Boy-83 75 3 229.3 79 2
